OFF
121 212 0
0.0 0.21363040432364933 2.2957876371502417
0.0 -0.30730633904671856 -1.280919533296837
0.0 1.642218899760097 0.3117462395410425
0.0 -1.6110449336309098 -2.220892144565558
0.0 -1.070826174309966 0.47333589581370117
0.0 0.9747161982517235 1.6181881747178184
0.0 -0.6140536552234807 2.3185448479596626
0.0 -0.4002687935460744 -2.7901191221885187
0.0 1.3960918928462835 -1.7176726395596742
0.0 -1.2369405512976828 2.8327271841560706
0.0 0.5141790359264172 2.8921998797862307
0.0 -0.9091962168700083 -1.0695308665145928
0.0 -0.27962190195619696 1.4603409967261711
0.0 0.6440443283074385 -0.8680729873031842
0.0 0.16036933013779098 2.0273288132348153
0.0 -0.6777626342511835 -0.9932245322937028
0.0 -2.151033806174032 -1.6011538549862758
0.0 -2.082713552836653 -2.4524828304266495
0.0 -2.5619001313241823 1.4735420484260613
0.0 -0.9684716196293037 -0.6782136997891073
0.0 -0.8947724056206934 -0.5936232111616
0.0 0.4581185073423427 2.110699922197581
0.0 1.013908467484192 0.17697205732666754
0.0 -1.7964156480151976 -0.2508791369851002
0.0 1.234278230706473 -0.2883701956552007
0.0 3.034587826372434 -1.25048006606974
0.0 -1.241655305624809 2.2206733626338417
0.0 2.1853557381069817 -1.4989520669913285
0.0 -0.17309905834870354 1.249325555406203
0.0 -0.2584505770079571 -1.0845314208772963
0.0 -1.184842870292192 -0.6059557930590349
0.0 -0.06895604930527309 1.0984449035236241
0.0 -2.693817787828687 -0.1176266471949213
0.0 -0.6772930563852662 0.5096353795204495
0.0 1.282220748359915 -2.5924214910103887
0.0 -0.3523411319101214 1.4336601354049012
0.0 0.4874336481854103 -1.0423108455985872
0.0 2.8137811244788824 0.4754275704646378
0.0 1.3950652745931718 0.4442459259741404
0.0 0.2752508060440451 -3.072209087166472
0.0 0.17001404171498932 -0.6317772623793494
0.0 2.161064634364897 2.12341969303541
0.0 -0.7042262964977093 -0.5332240746511685
0.0 -1.7473653484741396 1.965897447938986
0.0 1.2944489996633142 -1.2941589225631305
0.0 0.15349333961181663 1.4472097104765131
0.0 -3.0074922901674164 -0.5084374999266728
0.0 2.5797594382239013 0.5959817862151786
0.0 -1.1413729431526005 0.5926976174907466
0.0 2.375369394015814 -1.2064804012163977
0.0 0.8898348104401345 0.7187741224626151
0.0 2.0246178251785567 -1.4654077133871037
0.0 1.102057720523563 1.0496665868844457
0.0 2.44109321472884 1.8010128885362067
0.0 -0.9193112143631283 -1.1907925669281583
0.0 -2.9475083781999083 -1.1608106164417287
0.0 -1.608116007500767 0.6735220069691156
0.0 0.25136137659260144 -0.9106853069903407
0.0 0.7403970521344483 -0.8283507631050808
0.0 -2.3407348268043506 -1.42832369375527
0.0 -1.1081135943802687 -1.1574892589681525
0.0 -0.8612862705161883 0.519218973106458
0.0 -0.8961848105808441 -0.35988695018686717
0.0 0.27411190551472403 -1.7053143299933184
0.0 -0.059156935818071174 2.1475351840204793
0.0 -2.3661425995109586 -1.484786567221682
0.0 0.858946583883968 -1.5004639439393446
0.0 0.5783335151176534 -0.7628594873308777
0.0 1.2272394764295014 -1.7851023572257798
0.0 -2.398018086680443 -1.4307624429606847
0.0 0.3607139807508918 -0.7785303389707754
0.0 0.11537011821147336 0.83677815863783
0.0 -0.31441184663364624 2.844950329809132
0.0 1.873252971542029 1.18281352254554
0.0 1.6848631688981641 0.9876193676095697
0.0 1.411153127515723 -0.8530380568884111
0.0 -0.3889391245854259 -0.8248909183291167
0.0 -0.16589990610840777 1.2927198046728658
0.0 1.7893197245571075 -0.17239224498533273
0.0 -2.2622074389663425 0.05443923289916078
0.0 -0.09367892362045493 1.426521756008031
0.0 0.9753640602303941 -1.16995555974357
0.0 -0.3376860283284168 3.200244797108062
0.0 3.157223325417628 0.5268435397337028
0.0 -1.096803392428884 1.0202496962321066
0.0 0.013012978735597397 -2.46115718543826
0.0 -1.10975469846529 0.5841055607416068
0.0 -1.8287850332529334 -0.7433951352693735
0.0 1.5170612781611275 2.6777349112577924
0.0 -0.9634277846464198 0.2797642578448274
0.0 1.2192254527065522 1.755069814946262
0.0 -0.02853430462540233 -1.1822024865533471
0.0 -1.2636410655783308 0.17776620485711223
0.0 -0.24311605289508387 -0.8552414318645303
0.0 -0.9013625441819434 0.242940552695527
0.0 -1.1454887180012736 0.2693821173334603
0.0 -0.3847034274809084 2.3372220749964003
0.0 0.17324255699690586 1.6299407820592697
0.0 -2.299827801578827 0.9765161291497323
0.0 -0.5333384556745187 0.7046728241927183
0.0 -1.8966424553529664 -1.6598287299606802
0.0 1.4669384464618889 -0.20042843132198984
0.0 1.2143875758628877 2.994754401683212
0.0 0.18889133529644525 1.976711682588385
0.0 0.2600182476057511 -1.81403300930419
0.0 1.9573133108687764 -1.8198529412633861
0.0 -1.9314511138144361 -1.2204328193419902
0.0 -1.7033182629331363 1.60298622725037
0.0 -0.6643282732301367 -0.7889930550604649
0.0 2.0857993901519567 1.9072642569380387
0.0 -2.0621322232790047 -0.9587583930638305
0.0 -0.26593015727155533 2.9215677173602934
0.0 -1.946448933510893 -0.12335768264163227
0.0 -2.2787894072249073 2.2171598135326356
0.0 -1.1667181134792162 0.6561593247019979
0.0 -0.22322689442902924 -1.7319240459542005
0.0 -2.3253296621458337 -1.2371406732157606
0.0 -1.1735859296073259 0.12955007299398302
0.0 1.8161837523649413 -1.313019129438882
0.0 -0.2495286062810354 -2.929502261118952
0.0 -2.5126259884554445 -0.7722053667998271
2 3 7
3 0 10 21
3 0 10 111
3 0 21 14
3 0 64 14
3 0 64 96
3 0 72 96
3 0 72 111
3 1 29 15
3 1 54 15
3 1 91 29
3 1 115 54
3 115 1 91
3 2 74 38
3 2 101 38
3 2 74 47
3 2 78 47
3 2 101 78
3 17 3 100
3 3 60 54
3 115 3 54
3 100 3 60
3 48 4 86
3 48 4 95
3 4 61 86
3 89 4 61
3 89 4 95
3 21 90 5
3 97 21 5
3 45 52 5
3 97 45 5
3 90 52 5
3 9 26 6
3 72 9 6
3 35 12 6
3 96 12 6
3 26 35 6
3 72 96 6
3 115 85 7
3 119 85 7
3 8 34 68
3 8 105 34
3 8 44 68
3 8 44 118
3 8 105 118
3 9 26 43
3 9 43 113
3 72 9 82
3 10 21 102
3 10 82 111
3 11 54 15
3 11 108 15
3 19 11 60
3 19 11 108
3 11 60 54
3 35 12 77
3 64 12 96
3 64 97 12
3 80 12 77
3 80 97 12
3 67 36 13
3 81 36 13
3 58 67 13
3 81 58 13
3 21 14 103
3 64 14 103
3 76 29 15
3 108 76 15
3 16 17 65
3 16 17 100
3 16 65 59
3 16 106 59
3 16 106 100
3 107 18 43
3 113 18 43
3 18 107 98
3 19 20 30
3 108 19 20
3 19 60 30
3 62 20 30
3 42 20 62
3 108 42 20
3 88 90 21
3 88 21 102
3 97 21 103
3 24 67 22
3 24 101 22
3 38 50 22
3 38 101 22
3 40 67 22
3 40 22 71
3 50 22 71
3 87 30 23
3 117 30 23
3 112 87 23
3 112 92 23
3 92 117 23
3 24 58 67
3 24 58 75
3 24 75 101
3 25 27 49
3 26 35 84
3 107 26 43
3 26 107 84
3 49 27 51
3 51 27 105
3 28 77 31
3 99 28 31
3 35 28 77
3 99 35 28
3 93 76 29
3 91 93 29
3 60 30 87
3 62 117 30
3 45 71 31
3 80 45 31
3 99 71 31
3 80 77 31
3 32 120 46
3 32 98 79
3 32 120 79
3 40 33 42
3 33 42 94
3 33 61 94
3 33 99 61
3 33 99 71
3 34 85 39
3 104 34 68
3 104 34 85
3 99 35 84
3 57 36 70
3 57 91 36
3 66 36 63
3 91 36 63
3 81 66 36
3 67 36 70
3 37 78 47
3 83 37 47
3 50 52 38
3 74 52 38
3 119 85 39
3 40 42 76
3 40 57 70
3 40 57 93
3 40 67 70
3 40 76 93
3 41 109 53
3 88 41 109
3 94 42 62
3 108 42 76
3 66 44 68
3 81 66 44
3 81 75 44
3 75 44 118
3 50 52 45
3 50 45 71
3 80 97 45
3 120 46 55
3 73 53 47
3 83 53 47
3 73 74 47
3 48 56 92
3 48 56 114
3 48 114 86
3 48 92 95
3 49 51 118
3 49 75 78
3 49 75 118
3 105 51 118
3 74 52 90
3 73 109 53
3 65 69 55
3 116 69 55
3 120 116 55
3 56 98 79
3 56 112 79
3 56 107 84
3 56 114 84
3 56 92 112
3 56 98 107
3 57 91 93
3 81 58 75
3 65 59 69
3 59 116 69
3 106 59 116
3 106 60 87
3 100 106 60
3 99 84 61
3 114 84 61
3 114 61 86
3 89 61 94
3 94 117 62
3 104 66 63
3 115 91 63
3 104 115 63
3 64 97 103
3 104 66 68
3 72 82 111
3 73 74 90
3 73 90 109
3 75 101 78
3 112 120 79
3 104 115 85
3 106 110 87
3 120 110 87
3 112 120 87
3 88 90 109
3 89 117 94
3 89 117 95
3 92 117 95
3 106 116 110
3 120 116 110
