OFF
100 111 0
0.0 -0.6358613443753744 -1.0400642915202545
0.0 1.7314874345680307 1.6957826096158257
0.0 1.149471459994681 0.038011536233023446
0.0 2.0603956510071777 0.06765398244884621
0.0 1.2986405384363262 -1.8408195438880106
0.0 -1.705186588332099 0.6660768357249012
0.0 -1.3300426916032757 0.9098144504087075
0.0 2.5093215103803694 -0.4133378082037936
0.0 0.14127438604054174 0.7782529475358778
0.0 -1.9881515847829543 0.8642415273018915
0.0 2.4023487357872098 -1.6557303820765354
0.0 1.1553915022225227 2.0758020536687236
0.0 -0.059662095812030996 1.6764531425045062
0.0 -1.6221279006259788 0.21978672524722165
0.0 -2.270058788584897 -0.5323085505615356
0.0 -1.713006373699696 1.2799879322009151
0.0 -1.761878937886098 0.38922992712662785
0.0 -1.3759556026767676 0.686970741967826
0.0 1.1914085668299599 0.47709793539229284
0.0 0.6139797620903421 -1.9230452630021895
0.0 0.36504286752700155 -0.4924204156250942
0.0 1.7943542196922098 -2.5460767636526818
0.0 -0.8782516808585341 -1.2842032059294004
0.0 -0.7497022954709782 1.2702141912919203
0.0 0.9689513386207664 -0.49901903538427794
0.0 -1.384614790102456 -0.31887326958889445
0.0 -2.457749038332776 -1.4101563225368707
0.0 0.7253552504246507 -0.06975128890736004
0.0 1.255878730158693 0.6281361949084179
0.0 0.47552156526448675 0.6892663246404602
0.0 -2.3855409477657714 -1.5346630981085825
0.0 -2.299896503322092 2.048318696151441
0.0 -2.2176209842879024 0.9161548665507827
0.0 -2.688713731333089 -0.8588125600356004
0.0 0.669840943332882 -2.2010615120521204
0.0 -0.8559653728014123 -0.47032277774402387
0.0 -0.4674163844022218 -0.8089206893177222
0.0 1.3578975798059623 -1.31223989588043
0.0 0.3371902145673087 0.7249270600018384
0.0 0.33182577725699447 -2.4279291502879365
0.0 0.8007999111982871 2.6253366017239435
0.0 1.5221424382970634 0.030793141393523883
0.0 -2.533895352259486 0.9098456491428742
0.0 1.9662106846568546 2.2495496114724176
0.0 0.784230131697686 1.0599182933260134
0.0 0.33369374275978214 -1.3055026432080117
0.0 -1.5629650087092009 -1.8214999465322115
0.0 -1.2155447007754479 -1.1811375305818674
0.0 1.5550782422200649 2.2067292637359794
0.0 1.6963888252293378 -0.18761783130620416
0.0 0.6486798336910353 -0.6671739322872196
0.0 -1.5479273487865042 -0.8173765965927896
0.0 -1.0447569574301374 -0.550883021837873
0.0 -0.47555927743053933 -3.02935387369686
0.0 0.0023994258352109527 1.8522023296523773
0.0 1.9633280119410468 -2.107881680994944
0.0 2.087812626603013 2.2831538783263214
0.0 -0.8140118537624947 -2.7567481972223007
0.0 -0.3682184549259589 2.704704609162567
0.0 0.4444229173685794 -0.9052463001154992
0.0 -1.4676937020248744 -2.6945000480280763
0.0 0.1921856897069439 -2.5664367481007244
0.0 -1.5151966106268022 0.7563827018838692
0.0 0.9577600037114644 0.4928285039741509
0.0 2.7579570129575 0.585024170767746
0.0 0.3152448373368082 1.0270280857635736
0.0 1.634951950836345 -0.3662278033712129
0.0 -0.7774410498624442 1.120894390835082
0.0 0.2796671222854611 2.545087698846647
0.0 0.9673592655379107 -2.778153608925164
0.0 -1.33064934512299 0.36894571486334155
0.0 -1.983796430649198 1.3887807993702173
0.0 0.9930622199374819 0.09312652540387317
0.0 -2.465837319850327 0.3785418805727399
0.0 -1.7899910731404547 -1.890021818163925
0.0 1.9788785664289679 -0.6006421143879157
0.0 -2.5952609765576513 1.307117952858293
0.0 -1.0370940107378892 -0.0774873365565865
0.0 -0.8090870172172933 2.8883298769882666
0.0 -1.1853416312973175 -2.1267801130227273
0.0 -0.03902881217351864 2.277975542702512
0.0 -0.7520133973613383 -0.16733080878926235
0.0 -2.098174622247875 1.7886035590828988
0.0 2.8063728644472365 -0.13363171382707387
0.0 -0.8933190083810485 -1.237916958023929
0.0 0.843196201977964 2.3919272397513778
0.0 -0.9061208391282266 -0.5160763194584812
0.0 0.38413319096977405 2.402982589555468
0.0 1.4958769621167711 2.2302172659725437
0.0 -1.8109397446927782 0.7350497972852983
0.0 -0.5594582969750524 -2.9785160209655883
0.0 -2.2612933416868986 0.7190017397396559
0.0 1.5346479985122259 0.3160430185034285
0.0 1.5384916449829653 1.329098503855061
0.0 -2.1026504988966495 1.9166712087078548
0.0 0.7042007761806738 1.371390296440261
0.0 -0.7880846526574872 2.855896212649106
0.0 0.2814193705539497 1.7839542901463847
0.0 -1.516362278102965 -0.08168407965821262
0.0 1.472938201162238 0.9671983729191552
2 1 93
2 4 37
2 4 55
2 10 55
2 12 23
2 33 14
2 51 14
2 19 45
2 21 55
2 26 30
2 33 26
2 74 30
2 61 39
2 56 43
2 59 45
2 46 47
2 90 53
2 57 90
2 64 83
3 0 84 22
3 0 36 86
3 0 52 84
3 0 52 86
3 48 1 11
3 48 1 43
3 72 2 18
3 2 18 92
3 24 2 27
3 24 2 66
3 72 2 27
3 41 2 66
3 41 2 92
3 75 3 7
3 83 3 7
3 41 3 49
3 41 3 92
3 49 75 3
3 34 19 4
3 16 5 70
3 16 89 5
3 17 5 62
3 17 5 70
3 89 5 62
3 62 6 15
3 62 17 6
3 67 6 23
3 8 65 38
3 9 71 15
3 89 9 15
3 32 9 71
3 32 9 91
3 89 9 91
3 48 88 11
3 88 11 85
3 97 12 54
3 65 12 97
3 16 13 70
3 98 13 70
3 89 62 15
3 82 71 15
3 16 73 91
3 16 89 91
3 18 28 63
3 18 28 92
3 72 18 63
3 34 19 39
3 50 27 20
3 50 59 20
3 84 22 47
3 24 50 27
3 25 51 52
3 25 52 77
3 25 98 77
3 27 29 63
3 72 27 63
3 28 44 63
3 99 28 44
3 99 28 92
3 65 29 38
3 44 29 63
3 65 44 29
3 82 76 31
3 82 94 31
3 32 42 76
3 32 42 91
3 32 76 71
3 34 69 39
3 81 35 36
3 35 36 86
3 35 52 77
3 35 52 86
3 81 35 77
3 40 68 87
3 40 85 87
3 41 66 49
3 73 42 91
3 65 44 95
3 99 44 93
3 74 46 79
3 51 52 47
3 52 84 47
3 49 66 75
3 80 97 54
3 57 60 79
3 80 58 68
3 96 58 78
3 65 97 95
3 80 68 87
3 98 77 70
3 82 76 71
3 80 97 87
